1,39,96,15.7,48.884625,2.275672
2,88,103,20.4,48.824625,2.305672
3,75,101,10.2,47.894625,2.285672
4,50,95,21.7,48.834625,2.405672
5,26,80,12.3,48.854625,2.365672
1,39,96,15.7,48.884625,2.275672
2,88,103,20.4,48.824625,2.305672
3,75,101,10.2,47.894625,2.285672
4,50,95,21.7,48.834625,2.405672
5,26,80,12.3,48.854625,2.365672
1,39,96,15.7,48.884625,2.275672
2,88,103,20.4,48.824625,2.305672
3,75,101,10.2,47.894625,2.285672
4,50,95,21.7,48.834625,2.406672
5,26,80,12.3,48.854625,2.365672
1,39,96,15.7,48.884625,2.275672
2,88,80,20.4,48.824625,2.305672
3,75,101,10.2,47.894625,2.285672
4,50,95,21.7,48.834625,2.408672
5,26,80,12.3,48.854625,2.365672
1,39,96,15.7,48.884625,2.275672
2,88,80,20.4,48.824625,2.305672
3,75,101,10.2,47.894625,2.285672
4,50,95,21.7,48.834625,2.410672
5,26,80,12.3,48.854625,2.365672
1,39,96,15.7,48.884625,2.275672
2,88,80,20.4,48.824625,2.305672
3,75,101,10.2,47.894625,2.285672
4,50,95,21.7,48.834625,2.411672
5,25,80,12.3,48.854625,2.365672
1,39,96,15.7,48.884625,2.275672
2,88,80,20.4,48.824625,2.305672
3,75,101,10.2,47.894625,2.285672
4,50,95,21.7,48.834625,2.413672
5,24,80,12.3,48.854625,2.365672
1,39,96,15.7,48.884625,2.275672
2,88,0,20.4,48.824625,2.305672
3,75,101,10.2,47.894625,2.285672
4,50,95,21.7,48.834625,2.415672
5,24,80,12.3,48.854625,2.365672
